# Base de datos: FANTOM5
# Descripción: Enhancers activos identificados por CAGE-seq
# Fuente: https://fantom.gsc.riken.jp/5/
# Dimensiones totales: 65422 filas, 12 columnas
# Filas en esta muestra: 50
# Estrategia: A_head (canónica del TFM)

# MUESTRA DE DATOS (formato TSV):
# Nota: '-' indica valor no disponible

chr1	839741	840250	chr1:839741-840250	24	.	839787	839788	0,0,0	2	20,436	0,73
chr1	840753	841210	chr1:840753-841210	32	.	840811	840812	0,0,0	2	8,347	0,110
chr1	845485	845678	chr1:845485-845678	2	.	845581	845582	0,0,0	2	1,1	0,192
chr1	855764	856157	chr1:855764-856157	2	.	855855	855856	0,0,0	2	1,210	0,183
chr1	856539	856757	chr1:856539-856757	2	.	856713	856714	0,0,0	2	146,15	0,203
chr1	858256	858648	chr1:858256-858648	5	.	858447	858448	0,0,0	2	1,10	0,382
chr1	868565	868684	chr1:868565-868684	2	.	868624	868625	0,0,0	2	1,1	0,118
chr1	918449	918555	chr1:918449-918555	18	.	918504	918505	0,0,0	2	7,1	0,105
chr1	936652	937138	chr1:936652-937138	7	.	936859	936860	0,0,0	2	191,261	0,225
chr1	941791	942135	chr1:941791-942135	2	.	942081	942082	0,0,0	2	238,1	0,343
chr1	945769	946034	chr1:945769-946034	17	.	945889	945890	0,0,0	2	1,25	0,240
chr1	956563	956812	chr1:956563-956812	143	.	956664	956665	0,0,0	2	57,102	0,147
chr1	993498	993878	chr1:993498-993878	2	.	993663	993664	0,0,0	2	1,50	0,330
chr1	994198	994452	chr1:994198-994452	2	.	994302	994303	0,0,0	2	1,46	0,208
chr1	1004646	1004986	chr1:1004646-1004986	11	.	1004765	1004766	0,0,0	2	79,180	0,160
chr1	1005293	1005547	chr1:1005293-1005547	66	.	1005420	1005421	0,0,0	2	57,55	0,199
chr1	1008722	1008886	chr1:1008722-1008886	2	.	1008827	1008828	0,0,0	2	49,1	0,163
chr1	1014834	1015095	chr1:1014834-1015095	17	.	1014858	1014859	0,0,0	2	1,213	0,48
chr1	1060905	1061095	chr1:1060905-1061095	7	.	1060999	1061000	0,0,0	2	1,1	0,189
chr1	1063914	1064111	chr1:1063914-1064111	50	.	1063978	1063979	0,0,0	2	45,112	0,85
chr1	1070745	1071151	chr1:1070745-1071151	39	.	1070943	1070944	0,0,0	2	95,103	0,303
chr1	1093610	1093958	chr1:1093610-1093958	7	.	1093953	1093954	0,0,0	2	341,1	0,347
chr1	1098630	1098901	chr1:1098630-1098901	2	.	1098640	1098641	0,0,0	2	1,251	0,20
chr1	1107193	1107436	chr1:1107193-1107436	5	.	1107301	1107302	0,0,0	2	3,29	0,214
chr1	1114183	1114310	chr1:1114183-1114310	2	.	1114245	1114246	0,0,0	2	1,3	0,124
chr1	1124600	1124942	chr1:1124600-1124942	102	.	1124658	1124659	0,0,0	2	3,227	0,115
chr1	1136075	1136463	chr1:1136075-1136463	154	.	1136397	1136398	0,0,0	2	308,51	0,337
chr1	1136667	1137146	chr1:1136667-1137146	443	.	1136876	1136877	0,0,0	2	202,262	0,217
chr1	1143531	1144198	chr1:1143531-1144198	309	.	1143598	1143599	0,0,0	2	36,568	0,99
chr1	1144376	1144549	chr1:1144376-1144549	2	.	1144448	1144449	0,0,0	2	60,88	0,85
chr1	1173386	1173736	chr1:1173386-1173736	15	.	1173660	1173661	0,0,0	2	216,17	0,333
chr1	1186391	1186507	chr1:1186391-1186507	2	.	1186466	1186467	0,0,0	2	36,1	0,115
chr1	1265677	1265980	chr1:1265677-1265980	2	.	1265828	1265829	0,0,0	2	1,1	0,302
chr1	1283060	1283625	chr1:1283060-1283625	19	.	1283138	1283139	0,0,0	2	51,458	0,107
chr1	1286847	1286913	chr1:1286847-1286913	2	.	1286879	1286880	0,0,0	2	1,1	0,65
chr1	1294735	1294982	chr1:1294735-1294982	5	.	1294876	1294877	0,0,0	2	78,42	0,205
chr1	1295535	1296332	chr1:1295535-1296332	196	.	1296025	1296026	0,0,0	2	464,279	0,518
chr1	1343359	1343768	chr1:1343359-1343768	12	.	1343545	1343546	0,0,0	2	10,46	0,363
chr1	1348685	1348696	chr1:1348685-1348696	2	.	1348690	1348691	0,0,0	2	1,1	0,10
chr1	1368471	1368786	chr1:1368471-1368786	133	.	1368619	1368620	0,0,0	2	22,39	0,276
chr1	1456676	1456699	chr1:1456676-1456699	3	.	1456687	1456688	0,0,0	2	2,1	0,22
chr1	1609619	1609864	chr1:1609619-1609864	2	.	1609849	1609850	0,0,0	2	218,1	0,244
chr1	1611804	1612115	chr1:1611804-1612115	2	.	1611959	1611960	0,0,0	2	1,1	0,310
chr1	1706859	1707124	chr1:1706859-1707124	4	.	1707006	1707007	0,0,0	2	72,41	0,224
chr1	1708824	1709349	chr1:1708824-1709349	2	.	1708979	1708980	0,0,0	2	140,353	0,172
chr1	1714020	1714715	chr1:1714020-1714715	7	.	1714565	1714566	0,0,0	2	519,123	0,572
chr1	1744250	1744609	chr1:1744250-1744609	2	.	1744431	1744432	0,0,0	2	6,1	0,358
chr1	1772108	1772256	chr1:1772108-1772256	3	.	1772157	1772158	0,0,0	2	1,50	0,98
chr1	1793829	1793862	chr1:1793829-1793862	2	.	1793844	1793845	0,0,0	2	1,2	0,31
chr1	1803114	1803303	chr1:1803114-1803303	4	.	1803273	1803274	0,0,0	2	137,6	0,183
chr1	1814762	1815124	chr1:1814762-1815124	204	.	1815034	1815035	0,0,0	2	186,3	0,359